-0.710000 -0.890000 0.000000 -0.000000 0.000000 -0.000000 -1.000000
-0.710000 -0.870000 0.000000 -0.000000 0.000000 -0.000000 -1.000000
-0.710000 -0.850000 0.000000 -0.000000 0.000000 -0.000000 -1.000000
-0.710000 -0.830000 0.000000 -0.000000 0.000000 -0.000000 -1.000000
-0.710000 -0.810000 0.000000 -0.000000 0.000000 -0.000000 -1.000000
-0.710000 -0.790000 0.000000 -0.000000 0.000000 -0.000000 -1.000000
-0.710000 -0.770000 0.000000 -3750.000000 0.000000 -0.000000 -1.000000
-0.710000 -0.750000 0.000000 3750.000000 -0.000000 0.351123 -0.936329
-0.710000 -0.730000 0.015000 -0.000000 -0.000000 0.351123 -0.936329
-0.710000 -0.710000 0.015000 -0.000000 0.000000 -0.000000 -1.000000
-0.710000 -0.690000 0.015000 -0.000000 0.000000 -0.000000 -1.000000
-0.710000 -0.670000 0.015000 -0.000000 0.000000 -0.000000 -1.000000
-0.710000 -0.650000 0.015000 -0.000000 0.000000 -0.000000 -1.000000
-0.710000 -0.630000 0.015000 -0.000000 0.000000 -0.000000 -1.000000
-0.710000 -0.610000 0.015000 -0.000000 0.000000 -0.000000 -1.000000
-0.690000 -0.890000 0.000000 -0.000000 0.000000 -0.000000 -1.000000
-0.690000 -0.870000 0.000000 -0.000000 0.000000 -0.000000 -1.000000
-0.690000 -0.850000 0.000000 -0.000000 0.000000 -0.000000 -1.000000
-0.690000 -0.830000 0.000000 -0.000000 0.000000 -0.000000 -1.000000
-0.690000 -0.810000 0.000000 -0.000000 0.000000 -0.000000 -1.000000
-0.690000 -0.790000 0.000000 -0.000000 0.000000 -0.000000 -1.000000
-0.690000 -0.770000 0.000000 -3750.000000 0.000000 -0.000000 -1.000000
-0.690000 -0.750000 0.000000 3750.000000 -0.000000 0.351123 -0.936329
-0.690000 -0.730000 0.015000 -0.000000 -0.000000 0.351123 -0.936329
-0.690000 -0.710000 0.015000 -0.000000 0.000000 -0.000000 -1.000000
-0.690000 -0.690000 0.015000 -0.000000 0.000000 -0.000000 -1.000000
-0.690000 -0.670000 0.015000 -0.000000 0.000000 -0.000000 -1.000000
-0.690000 -0.650000 0.015000 -0.000000 0.000000 -0.000000 -1.000000
-0.690000 -0.630000 0.015000 -0.000000 0.000000 -0.000000 -1.000000
-0.690000 -0.610000 0.015000 -0.000000 0.000000 -0.000000 -1.000000
-0.670000 -0.890000 0.000000 -0.000000 0.000000 -0.000000 -1.000000
-0.670000 -0.870000 0.000000 -0.000000 0.000000 -0.000000 -1.000000
-0.670000 -0.850000 0.000000 -0.000000 0.000000 -0.000000 -1.000000
-0.670000 -0.830000 0.000000 -0.000000 0.000000 -0.000000 -1.000000
-0.670000 -0.810000 0.000000 -0.000000 0.000000 -0.000000 -1.000000
-0.670000 -0.790000 0.000000 -0.000000 0.000000 -0.000000 -1.000000
-0.670000 -0.770000 0.000000 -3750.000000 0.000000 -0.000000 -1.000000
-0.670000 -0.750000 0.000000 3750.000000 -0.000000 0.351123 -0.936329
-0.670000 -0.730000 0.015000 -0.000000 -0.000000 0.351123 -0.936329
-0.670000 -0.710000 0.015000 -0.000000 0.000000 -0.000000 -1.000000
-0.670000 -0.690000 0.015000 -0.000000 0.000000 -0.000000 -1.000000
-0.670000 -0.670000 0.015000 -0.000000 0.000000 -0.000000 -1.000000
-0.670000 -0.650000 0.015000 -0.000000 0.000000 -0.000000 -1.000000
-0.670000 -0.630000 0.015000 -0.000000 0.000000 -0.000000 -1.000000
-0.670000 -0.610000 0.015000 -0.000000 0.000000 -0.000000 -1.000000
-0.650000 -0.890000 0.000000 -0.000000 0.000000 -0.000000 -1.000000
-0.650000 -0.870000 0.000000 -0.000000 0.000000 -0.000000 -1.000000
-0.650000 -0.850000 0.000000 -0.000000 0.000000 -0.000000 -1.000000
-0.650000 -0.830000 0.000000 -0.000000 0.000000 -0.000000 -1.000000
-0.650000 -0.810000 0.000000 -0.000000 0.000000 -0.000000 -1.000000
-0.650000 -0.790000 0.000000 -0.000000 0.000000 -0.000000 -1.000000
-0.650000 -0.770000 0.000000 -3750.000000 0.000000 -0.000000 -1.000000
-0.650000 -0.750000 0.000000 3750.000000 -0.000000 0.351123 -0.936329
-0.650000 -0.730000 0.015000 -0.000000 -0.000000 0.351123 -0.936329
-0.650000 -0.710000 0.015000 -0.000000 0.000000 -0.000000 -1.000000
-0.650000 -0.690000 0.015000 -0.000000 0.000000 -0.000000 -1.000000
-0.650000 -0.670000 0.015000 -0.000000 0.000000 -0.000000 -1.000000
-0.650000 -0.650000 0.015000 -0.000000 0.000000 -0.000000 -1.000000
-0.650000 -0.630000 0.015000 -0.000000 0.000000 -0.000000 -1.000000
-0.650000 -0.610000 0.015000 -0.000000 0.000000 -0.000000 -1.000000
-0.630000 -0.890000 0.000000 -0.000000 0.000000 -0.000000 -1.000000
-0.630000 -0.870000 0.000000 -0.000000 0.000000 -0.000000 -1.000000
-0.630000 -0.850000 0.000000 -0.000000 0.000000 -0.000000 -1.000000
-0.630000 -0.830000 0.000000 -0.000000 0.000000 -0.000000 -1.000000
-0.630000 -0.810000 0.000000 -0.000000 0.000000 -0.000000 -1.000000
-0.630000 -0.790000 0.000000 -0.000000 0.000000 -0.000000 -1.000000
-0.630000 -0.770000 0.000000 -3750.000000 0.000000 -0.000000 -1.000000
-0.630000 -0.750000 0.000000 3750.000000 -0.000000 0.351123 -0.936329
-0.630000 -0.730000 0.015000 -0.000000 -0.000000 0.351123 -0.936329
-0.630000 -0.710000 0.015000 -0.000000 0.000000 -0.000000 -1.000000
-0.630000 -0.690000 0.015000 -0.000000 0.000000 -0.000000 -1.000000
-0.630000 -0.670000 0.015000 -0.000000 0.000000 -0.000000 -1.000000
-0.630000 -0.650000 0.015000 -0.000000 0.000000 -0.000000 -1.000000
-0.630000 -0.630000 0.015000 -0.000000 0.000000 -0.000000 -1.000000
-0.630000 -0.610000 0.015000 -0.000000 0.000000 -0.000000 -1.000000
-0.610000 -0.890000 0.000000 -0.000000 0.000000 -0.000000 -1.000000
-0.610000 -0.870000 0.000000 -0.000000 0.000000 -0.000000 -1.000000
-0.610000 -0.850000 0.000000 -0.000000 0.000000 -0.000000 -1.000000
-0.610000 -0.830000 0.000000 -0.000000 0.000000 -0.000000 -1.000000
-0.610000 -0.810000 0.000000 -0.000000 0.000000 -0.000000 -1.000000
-0.610000 -0.790000 0.000000 -0.000000 0.000000 -0.000000 -1.000000
-0.610000 -0.770000 0.000000 -3750.000000 0.000000 -0.000000 -1.000000
-0.610000 -0.750000 0.000000 3750.000000 -0.000000 0.351123 -0.936329
-0.610000 -0.730000 0.015000 -0.000000 -0.000000 0.351123 -0.936329
-0.610000 -0.710000 0.015000 -0.000000 0.000000 -0.000000 -1.000000
-0.610000 -0.690000 0.015000 -0.000000 0.000000 -0.000000 -1.000000
-0.610000 -0.670000 0.015000 -0.000000 0.000000 -0.000000 -1.000000
-0.610000 -0.650000 0.015000 -0.000000 0.000000 -0.000000 -1.000000
-0.610000 -0.630000 0.015000 -0.000000 0.000000 -0.000000 -1.000000
-0.610000 -0.610000 0.015000 -0.000000 0.000000 -0.000000 -1.000000
-0.590000 -0.890000 0.000000 -0.000000 0.000000 -0.000000 -1.000000
-0.590000 -0.870000 0.000000 -0.000000 0.000000 -0.000000 -1.000000
-0.590000 -0.850000 0.000000 -0.000000 0.000000 -0.000000 -1.000000
-0.590000 -0.830000 0.000000 -0.000000 0.000000 -0.000000 -1.000000
-0.590000 -0.810000 0.000000 -0.000000 0.000000 -0.000000 -1.000000
-0.590000 -0.790000 0.000000 -0.000000 0.000000 -0.000000 -1.000000
-0.590000 -0.770000 0.000000 -3750.000000 0.000000 -0.000000 -1.000000
-0.590000 -0.750000 0.000000 3750.000000 -0.000000 0.351123 -0.936329
-0.590000 -0.730000 0.015000 -0.000000 -0.000000 0.351123 -0.936329
-0.590000 -0.710000 0.015000 -0.000000 0.000000 -0.000000 -1.000000
-0.590000 -0.690000 0.015000 -0.000000 0.000000 -0.000000 -1.000000
-0.590000 -0.670000 0.015000 -0.000000 0.000000 -0.000000 -1.000000
-0.590000 -0.650000 0.015000 -0.000000 0.000000 -0.000000 -1.000000
-0.590000 -0.630000 0.015000 -0.000000 0.000000 -0.000000 -1.000000
-0.590000 -0.610000 0.015000 -0.000000 0.000000 -0.000000 -1.000000
-0.570000 -0.890000 0.000000 -0.000000 0.000000 -0.000000 -1.000000
-0.570000 -0.870000 0.000000 -0.000000 0.000000 -0.000000 -1.000000
-0.570000 -0.850000 0.000000 -0.000000 0.000000 -0.000000 -1.000000
-0.570000 -0.830000 0.000000 -0.000000 0.000000 -0.000000 -1.000000
-0.570000 -0.810000 0.000000 -0.000000 0.000000 -0.000000 -1.000000
-0.570000 -0.790000 0.000000 -0.000000 0.000000 -0.000000 -1.000000
-0.570000 -0.770000 0.000000 -3750.000000 0.000000 -0.000000 -1.000000
-0.570000 -0.750000 0.000000 3750.000000 -0.000000 0.351123 -0.936329
-0.570000 -0.730000 0.015000 -0.000000 -0.000000 0.351123 -0.936329
-0.570000 -0.710000 0.015000 -0.000000 0.000000 -0.000000 -1.000000
-0.570000 -0.690000 0.015000 -0.000000 0.000000 -0.000000 -1.000000
-0.570000 -0.670000 0.015000 -0.000000 0.000000 -0.000000 -1.000000
-0.570000 -0.650000 0.015000 -0.000000 0.000000 -0.000000 -1.000000
-0.570000 -0.630000 0.015000 -0.000000 0.000000 -0.000000 -1.000000
-0.570000 -0.610000 0.015000 -0.000000 0.000000 -0.000000 -1.000000
-0.550000 -0.890000 0.000000 -0.000000 0.000000 -0.000000 -1.000000
-0.550000 -0.870000 0.000000 -0.000000 0.000000 -0.000000 -1.000000
-0.550000 -0.850000 0.000000 -0.000000 0.000000 -0.000000 -1.000000
-0.550000 -0.830000 0.000000 -0.000000 0.000000 -0.000000 -1.000000
-0.550000 -0.810000 0.000000 -0.000000 0.000000 -0.000000 -1.000000
-0.550000 -0.790000 0.000000 -0.000000 0.000000 -0.000000 -1.000000
-0.550000 -0.770000 0.000000 -3750.000000 0.000000 -0.000000 -1.000000
-0.550000 -0.750000 0.000000 3750.000000 -0.000000 0.351123 -0.936329
-0.550000 -0.730000 0.015000 -0.000000 -0.000000 0.351123 -0.936329
-0.550000 -0.710000 0.015000 -0.000000 0.000000 -0.000000 -1.000000
-0.550000 -0.690000 0.015000 -0.000000 0.000000 -0.000000 -1.000000
-0.550000 -0.670000 0.015000 -0.000000 0.000000 -0.000000 -1.000000
-0.550000 -0.650000 0.015000 -0.000000 0.000000 -0.000000 -1.000000
-0.550000 -0.630000 0.015000 -0.000000 0.000000 -0.000000 -1.000000
-0.550000 -0.610000 0.015000 -0.000000 0.000000 -0.000000 -1.000000
-0.530000 -0.890000 0.000000 -0.000000 0.000000 -0.000000 -1.000000
-0.530000 -0.870000 0.000000 -0.000000 0.000000 -0.000000 -1.000000
-0.530000 -0.850000 0.000000 -0.000000 0.000000 -0.000000 -1.000000
-0.530000 -0.830000 0.000000 -0.000000 0.000000 -0.000000 -1.000000
-0.530000 -0.810000 0.000000 -0.000000 0.000000 -0.000000 -1.000000
-0.530000 -0.790000 0.000000 -0.000000 0.000000 -0.000000 -1.000000
-0.530000 -0.770000 0.000000 -3750.000000 0.000000 -0.000000 -1.000000
-0.530000 -0.750000 0.000000 3750.000000 -0.000000 0.351123 -0.936329
-0.530000 -0.730000 0.015000 -0.000000 -0.000000 0.351123 -0.936329
-0.530000 -0.710000 0.015000 -0.000000 0.000000 -0.000000 -1.000000
-0.530000 -0.690000 0.015000 -0.000000 0.000000 -0.000000 -1.000000
-0.530000 -0.670000 0.015000 -0.000000 0.000000 -0.000000 -1.000000
-0.530000 -0.650000 0.015000 -0.000000 0.000000 -0.000000 -1.000000
-0.530000 -0.630000 0.015000 -0.000000 0.000000 -0.000000 -1.000000
-0.530000 -0.610000 0.015000 -0.000000 0.000000 -0.000000 -1.000000
-0.510000 -0.890000 0.000000 -0.000000 0.000000 -0.000000 -1.000000
-0.510000 -0.870000 0.000000 -0.000000 0.000000 -0.000000 -1.000000
-0.510000 -0.850000 0.000000 -0.000000 0.000000 -0.000000 -1.000000
-0.510000 -0.830000 0.000000 -0.000000 0.000000 -0.000000 -1.000000
-0.510000 -0.810000 0.000000 -0.000000 0.000000 -0.000000 -1.000000
-0.510000 -0.790000 0.000000 -0.000000 0.000000 -0.000000 -1.000000
-0.510000 -0.770000 0.000000 -3750.000000 0.000000 -0.000000 -1.000000
-0.510000 -0.750000 0.000000 3750.000000 -0.000000 0.351123 -0.936329
-0.510000 -0.730000 0.015000 -0.000000 -0.000000 0.351123 -0.936329
-0.510000 -0.710000 0.015000 -0.000000 0.000000 -0.000000 -1.000000
-0.510000 -0.690000 0.015000 -0.000000 0.000000 -0.000000 -1.000000
-0.510000 -0.670000 0.015000 -0.000000 0.000000 -0.000000 -1.000000
-0.510000 -0.650000 0.015000 -0.000000 0.000000 -0.000000 -1.000000
-0.510000 -0.630000 0.015000 -0.000000 0.000000 -0.000000 -1.000000
-0.510000 -0.610000 0.015000 -0.000000 0.000000 -0.000000 -1.000000
